%YAML:1.0
---
camera_matrix: !!opencv-matrix
   rows: 3
   cols: 3
   dt: d
   data: [ 1.2853517927598091e+03, 0., 3.1944768628958542e+02, 0.,
       1.2792339468697937e+03, 2.3929354061292258e+02, 0., 0., 1. ]
distortion_coefficients: !!opencv-matrix
   rows: 5
   cols: 1
   dt: d
   data: [ -6.3687295852461456e-01, -1.9748008790347320e+00,
       3.0970703651800782e-02, 2.1944646842516919e-03, 0. ]
#视频中装甲板实际参数，长67.5mm，宽：26.5mm